4
4
3
6
2
3
2
3
1
4
1
3
4
2
3
4
7
4
4
9
3
5
7
2
11
9
12
10
8
9
3
8
9
14
15
15
14
19
13
20
25
14
14
24
12
26
19
25
22
24
17
27
22
20
23
29
27
29
34
26
29
27
22
34
27
27
26
28
33
28
36
28
27
19
25
29
31
17
20
19
28
26
17
23
14
18
26
17
17
19
14
14
9
10
4
6
5
11
7
5
10
6
3
6
5
4
2
3
6
4
5
4
2
4
6
2
4
2
2
4
2
2
0
1
1
2
2
4
3
4
3
3
2
2
3
7
2
5
4
8
12
9
12
5
7
9
12
9
7
10
11
13
13
16
13
13
14
14
14
19
17
18
4
13
14
15
17
20
17
14
22
19
19
24
19
16
18
25
18
9
17
25
20
18
19
8
20
15
15
19
8
20
6
12
9
9
10
13
14
9
11
8
5
8
3
7
7
6
5
7
6
4
7
5
6
6
2
5
6
5
9
5
2
1
3
3
3
4
2
3
2
4
6
3
5
1
1
1
2
0
3
2
3
1
4
4
3
6
5
0
3
3
1
3
5
3
2
5
11
9
9
7
7
11
7
10
11
4
10
12
10
8
8
11
13
13
6
12
15
9
11
13
10
10
20
10
7
12
13
12
19
4
13
10
14
15
10
9
16
17
7
13
12
5
14
13
15
12
13
14
13
12
17
12
18
14
17
16
18
12
13
14
15
6
9
14
9
23
10
11
18
12
6
8
7
7
8
7
7
6
7
10
3
2
7
2
4
2
5
5
2
1
1
1
1
3
2
2
4
1
2
3
3
2
3
1
4
6
4
10
7
4
8
3
8
3
8
6
14
9
15
5
20
12
16
20
18
8
12
15
24
6
14
20
24
17
12
14
15
25
21
23
24
19
19
13
21
24
16
24
27
17
32
24
32
31
40
32
30
31
33
21
41
33
34
37
45
36
33
30
39
36
37
28
40
28
26
33
23
25
41
24
34
18
34
19
28
17
23
13
19
17
11
8
19
7
13
9
5
6
4
5
5
4
2
2
0
1
1
2
1
3
0
6
1
2
1
3
9
5
9
4
7
13
3
8
9
11
11
6
10
13
9
12
13
20
11
15
23
18
20
16
12
17
32
26
19
18
22
24
31
21
21
29
29
38
33
33
42
38
40
27
31
32
36
34
35
53
45
58
50
42
59
44
45
43
56
62
41
44
55
46
49
55
45
54
48
40
42
43
35
32
44
31
36
38
28
31
24
24
21
28
17
11
12
11
10
6
6
12
5
4
1
3
4
6
3
2
7
3
2
3
6
4
4
4
8
3
5
8
10
8
7
10
12
7
4
12
17
11
12
10
20
19
15
22
28
22
20
27
25
16
25
36
33
33
33
55
31
32
35
33
36
43
40
44
43
58
48
49
45
49
63
58
61
55
63
57
54
48
61
74
68
57
56
60
47
73
51
77
65
62
67
51
42
57
43
52
48
58
43
36
32
41
33
33
24
38
28
19
20
23
21
16
9
15
12
9
12
8
6
4
6
5
6
8
6
4
3
2
6
4
4
6
10
2
8
6
12
8
9
10
17
13
8
13
12
6
6
5
21
16
17
18
22
14
16
20
32
35
35
25
32
21
33
34
44
28
29
38
52
48
48
42
55
57
46
47
48
47
53
60
64
51
76
64
61
57
60
67
76
79
63
67
75
68
62
59
76
63
52
51
61
58
57
67
44
48
41
43
48
37
45
30
29
32
19
30
22
16
15
17
21
11
10
13
18
12
7
4
6
6
6
7
2
4
5
6
4
6
5
3
2
10
8
7
6
6
2
7
12
7
5
4
12
12
12
15
17
16
13
18
14
15
12
20
24
24
22
11
23
31
32
28
39
43
34
40
43
39
40
53
59
52
41
47
48
50
45
50
50
56
54
59
56
66
61
47
54
56
63
57
46
68
53
50
52
57
49
56
55
55
54
36
42
38
39
37
35
43
32
33
26
26
26
21
22
23
22
14
11
10
17
9
16
10
7
10
9
6
1
3
4
5
4
4
5
7
4
2
6
5
2
6
2
6
7
5
3
7
8
5
6
1
17
15
9
12
10
13
10
7
19
17
14
15
12
15
11
24
12
25
31
39
26
35
34
22
32
31
31
28
34
34
35
31
45
45
32
66
45
45
33
47
46
34
48
45
42
47
39
48
47
39
51
38
34
46
37
42
29
38
34
30
47
32
28
20
23
20
19
21
19
16
12
11
13
17
15
17
17
14
8
13
12
5
5
9
8
2
3
2
4
