4
20
20
3
57
31
2
9
38
12
10
29
11
9
51
39
4
5
25
10
17
47
11
10
59
21
2
9
10
1
33
61
15
3
40
22
4
20
20
4
43
53
7
4
7
13
6
36
27
3
28
40
12
5
19
3
10
59
32
2
16
22
8
11
33
9
19
74
32
1
8
14
4
29
34
5
7
34
16
7
18
6
1
48
50
10
6
24
12
6
34
17
1
49
42
17
3
10
3
15
52
12
1
45
55
2
17
25
4
24
76
25
4
13
16
4
26
27
1
18
61
20
6
9
20
3
48
32
2
23
42
5
1
20
12
4
62
59
3
4
24
10
10
38
16
7
43
44
5
6
7
3
28
56
19
2
31
25
3
19
22
3
44
51
14
2
5
13
8
39
23
4
26
58
17
2
15
14
12
52
28
4
13
21
17
9
28
7
8
56
43
2
3
17
8
30
42
12
7
45
35
6
17
9
1
36
54
3
5
32
19
2
32
13
1
54
46
12
4
10
11
12
56
25
2
30
35
7
8
17
4
17
67
26
0
12
32
2
22
27
3
28
57
22
2
13
12
3
48
45
8
18
27
17
5
26
8
4
42
47
2
6
13
4
12
37
14
2
41
38
8
7
12
9
23
46
25
4
41
36
8
11
24
3
38
61
15
2
15
15
3
43
29
5
25
45
18
4
8
5
1
58
35
2
6
29
13
7
25
10
13
73
43
7
6
15
8
15
48
10
7
42
32
6
14
10
6
33
66
14
3
31
28
6
23
17
2
42
47
10
6
17
10
4
54
17
2
37
43
12
5
18
8
11
62
22
2
17
18
12
14
28
11
13
61
31
4
11
6
6
30
46
12
8
36
14
5
14
13
0
52
45
12
5
16
11
6
38
19
2
46
48
1
6
13
13
9
50
24
5
37
33
6
15
18
6
24
67
12
2
14
20
4
26
29
3
34
58
12
3
12
16
6
44
45
7
9
33
6
6
17
10
6
65
53
9
6
23
7
11
51
13
2
45
34
7
4
10
1
38
54
14
4
30
27
5
21
14
2
32
64
17
4
12
12
6
38
20
4
28
43
15
8
20
6
6
63
31
3
12
31
10
17
36
7
11
57
39
4
8
24
4
19
45
9
8
53
32
2
17
15
2
43
56
9
9
17
20
7
47
4
1
45
57
9
5
15
9
9
49
19
1
33
32
12
14
9
7
28
63
39
2
17
17
10
21
34
5
19
63
24
3
10
8
7
43
45
4
11
40
16
4
28
8
5
51
41
7
5
19
7
18
46
13
4
62
29
7
11
13
5
20
57
20
2
21
25
10
12
19
2
36
64
12
6
13
11
4
35
27
6
23
49
13
2
19
15
4
61
34
3
15
29
8
10
19
7
7
47
40
4
7
14
5
16
39
7
6
50
25
2
14
13
0
41
56
9
1
32
22
5
20
15
2
40
48
13
3
16
6
6
55
24
3
36
36
4
12
20
3
12
68
34
1
14
19
6
22
26
5
23
48
23
1
9
24
3
45
47
9
6
32
22
4
23
13
2
43
50
9
2
24
17
4
29
14
5
55
48
6
10
4
7
16
53
14
3
34
33
6
17
16
4
31
60
24
2
13
18
6
33
26
3
24
63
15
4
6
12
4
67
45
3
14
33
6
9
31
4
5
77
40
4
7
21
8
21
39
13
3
44
33
6
10
20
2
24
47
15
3
32
20
6
19
17
1
35
60
19
5
13
9
5
42
22
1
40
44
12
9
8
8
6
76
31
4
18
24
9
10
28
9
17
68
28
3
5
20
4
32
48
7
7
35
20
4
26
12
1
58
50
8
5
27
10
6
30
18
1
55
55
15
6
14
8
12
57
26
1
36
31
7
17
18
10
21
79
31
2
12
12
6
26
22
3
34
55
24
2
9
18
2
41
66
5
10
38
21
3
19
10
5
67
52
5
7
19
12
13
34
13
2
56
28
3
5
12
9
19
63
13
3
33
16
2
16
19
3
31
76
15
4
14
20
6
37
29
3
33
48
16
3
15
9
5
51
34
3
14
21
13
16
27
11
19
60
34
3
7
12
3
22
47
9
7
58
35
5
19
11
3
32
59
8
2
24
15
4
28
14
3
48
47
10
2
9
11
8
55
22
0
39
33
5
13
25
8
11
75
35
1
18
26
8
23
27
2
17
54
11
3
14
15
2
37
33
12
12
31
18
4
17
11
2
57
48
11
6
21
12
7
42
14
5
44
52
5
5
19
4
21
68
14
6
33
33
7
13
19
1
28
57
11
4
12
23
2
32
34
0
41
49
14
