21
21
18
10
14
16
16
15
20
8
15
17
24
15
20
10
14
16
22
11
17
16
25
22
23
19
17
21
29
14
22
14
17
24
24
22
20
15
19
20
25
26
29
18
21
23
20
15
29
20
23
21
18
20
21
16
17
18
27
20
24
20
24
19
17
26
14
24
29
23
22
23
23
12
24
20
25
20
18
20
25
13
25
25
22
21
30
21
21
25
21
11
22
16
21
18
20
20
43
21
23
33
18
27
26
26
17
19
25
21
15
19
15
21
26
21
23
19
19
21
25
20
19
22
18
15
35
24
25
22
17
16
26
19
16
22
20
18
21
14
22
19
23
21
18
14
22
17
28
23
26
14
25
20
22
18
23
22
21
21
24
25
18
23
22
20
22
24
24
23
24
21
22
17
20
23
17
29
18
22
21
22
19
15
21
16
23
26
32
23
17
21
29
23
14
22
24
20
27
19
23
13
24
17
17
13
15
16
27
21
13
18
18
29
22
29
31
20
15
22
26
25
24
21
24
21
25
20
17
24
31
21
20
27
29
22
23
26
15
13
23
22
24
20
23
28
28
17
23
22
26
14
26
29
24
25
19
21
24
22
19
30
32
30
18
17
35
20
21
17
15
25
24
33
20
20
33
24
34
23
24
18
27
31
21
23
12
19
23
29
22
22
25
28
19
31
25
28
13
17
26
25
30
21
17
24
21
16
24
24
29
21
26
24
21
16
31
17
25
18
17
24
23
18
24
18
20
20
23
14
25
26
22
22
25
18
15
16
26
15
27
35
25
16
21
27
22
17
20
27
20
16
25
23
24
20
23
21
26
18
22
28
29
24
30
23
27
20
21
27
25
24
36
27
21
28
21
25
24
21
35
23
30
21
19
19
33
18
20
35
31
17
23
17
19
17
19
21
11
21
21
25
19
25
35
22
20
14
22
19
29
22
26
20
26
20
32
27
34
20
25
28
20
22
12
16
17
18
22
33
17
14
24
30
26
20
22
18
23
22
24
16
24
13
16
20
21
18
16
15
16
27
25
19
21
22
23
16
29
15
17
21
29
17
23
21
19
8
28
27
18
15
18
17
20
21
12
20
16
17
25
25
14
14
25
23
18
15
25
12
25
23
24
23
20
19
23
22
28
27
16
24
29
15
11
18
19
21
20
20
16
33
21
25
19
23
32
23
29
18
20
35
32
26
28
16
34
28
21
25
26
21
28
23
29
24
17
27
27
28
29
40
24
31
38
33
29
20
25
19
24
20
23
34
34
27
19
29
20
24
22
26
22
16
23
20
23
15
24
34
19
23
22
24
24
26
18
29
10
20
21
20
23
25
18
25
24
18
27
25
21
25
22
25
30
22
28
26
23
23
24
16
18
21
27
18
16
27
17
22
22
20
29
26
25
26
18
28
24
17
22
30
16
23
22
28
19
15
28
24
18
28
23
27
26
28
24
21
24
21
21
26
19
26
28
24
17
26
18
17
21
29
26
20
19
21
27
23
19
27
28
19
29
38
26
27
25
24
28
21
13
19
25
39
28
22
18
25
19
23
18
26
19
25
21
20
15
27
26
21
15
26
20
23
31
27
29
17
23
23
22
18
17
18
19
20
25
10
20
15
18
15
12
20
16
19
16
18
9
21
13
18
27
16
18
23
17
32
10
14
21
27
23
22
22
18
26
16
23
12
20
18
22
22
18
16
15
13
23
19
18
17
15
14
20
24
21
17
13
15
13
18
20
24
23
16
20
22
16
22
24
12
22
17
20
25
12
17
16
22
22
21
26
15
22
20
13
20
31
20
17
20
19
14
15
26
30
17
13
19
15
15
12
12
17
28
15
12
21
19
15
13
12
29
17
11
17
11
13
13
24
15
11
12
17
12
21
13
18
10
17
21
11
21
16
12
17
14
27
20
25
16
16
19
17
20
11
20
16
14
19
15
16
16
12
19
11
12
15
17
17
24
17
12
18
16
19
22
30
16
12
21
14
20
21
16
15
18
16
17
18
15
25
12
20
17
19
23
15
21
16
16
13
20
10
19
18
21
20
8
13
12
13
10
11
16
19
23
22
15
12
12
14
17
22
23
17
12
15
10
14
17
21
19
13
13
10
17
17
20
11
17
9
19
16
12
16
17
15
18
16
14
10
13
15
16
20
11
19
15
15
11
13
16
8
19
19
20
11
12
13
15
19
6
6
11
15
14
8
17
11
14
12
17
9
12
7
12
12
15
15
14
9
16
16
22
16
11
20
12
14
9
11
21
18
11
11
15
14
17
10
5
9
12
17
16
20
12
11
11
10
17
17
